;  < 종목현재가/보유잔고/미체결/예수금 화면표시 데이터 정보파일 >
;
; 형식 = GIDC(1) + DESC(20) + NFID(2) + FID1(5) + ... + FIDn(5) '\r\n'
;
B기본시세필드        19 9001  302   10   11   15   13   27   28  138  137  121  125  122  126   16   17   18  305  306
J보유잔고필드        48 9201 9001  917  916  3021300013001  930  931  932 8002   10 8008  94513004130051300613007  950  946  951   27   28  933  307 8019  957  958  918  990  991  992  99313049130501303713054130811309013091  306  30513092  95913093  397  925  926
M미체결필드          28 9201 9203 9205 9001  912  913  302  900  901  902  903  904  905  906  907  908  909  910  911   10   27   28  914  915  938  939 8000  985
Y예수금필드          29 9205 9201  951  935  937  952  953  954  955  956 8043  971  972  973  974  975  976  977  978  979  980  981  982  983  984  985  957 8006 8007
D증거금필드          13 9201 8048 8049 8050 8051 8052 8053 8054 8055 8056 8057 8058 8059
H해외잔고필드        47 9201 9001  917  916  3021300013001  930  931 8002   10 8008  94513004130051300613007  950  946  951   27   28  933  307 8019  957  958  918  990  991  992  99313049130501303713054130811309013091  306  30513092  95913093 8046 8043 8045
C해외미체결필드      30 9201 9203 9205 9001  912  913  302  900  901  902  903  904  905  906  907  908  909  910  911   10   27   28  914  915  938  939 8046 8043 8000  985