;
;  < 실시간 데이터 정보파일 >
;
; 형식 = GIDC(1) + DESC(20) + NFID(2) + FID1(5) + ... + FIDn(5)'\r\n'
;
; 1. 주식
;
A주식시세            19   10   11   12   27   28   13   14   16   17   18   25   26   29   30   31   32  311  567  568
B주식체결            24   20   10   11   12   27   28   15   13   14   16   17   18   25   26   29   30   31   32  228  311  290  691  567  568
C주식우선호가        02   27   28
D주식호가잔량       103   21   41   61   81   51   71   91   42   62   82   52   72   92   43   63   83   53   73   93   44   64   84   54   74   94   45   65   85   55   75   95   46   66   86   56   76   96   47   67   87   57   77   97   48   68   88   58   78   98   49   69   89   59   79   99   50   70   90   60   80  100  121  122  125  126   23   24  128  129  138  139  200  201  238  291  292  293  294  295  621  631  622  632  623  633  624  634  625  635  626  636  627  637  628  638  629  639  630  640   13  299  215  216
E주식시간외호가      05   21  131  132  135  136
F주식당일거래원      57  141  161  166  146  271  151  171  176  156  281  142  162  167  147  272  152  172  177  157  282  143  163  168  148  273  153  173  178  158  283  144  164  169  149  274  154  174  179  159  284  145  165  170  150  275  155  175  180  160  285  261  262  263  264  267  268  337
GETF NAV             15   36   37   38   39   20   10   11   12   13   25  667  668  669  265  266
uELW 지표            06   20  666 1211  667  668  669
mELW 이론가          10   20   10  670  671  672  673  674  675  676  706
H주식예상체결        07   20   10   11   12   15   13   25
g주식종목정보        11  297  592  593  305  306  307  689  594  382  370  330
h임의연장정보        10  580  581  582  583  584  585  586  587  588  589
aECN주식시세         111001010011100121002710028100131001410016100171001810025
bECN주식체결         1310020100101001110012100271002810015100131001410016100171001810025
cECN주식우선호가     021002710028
dECN주식호가잔량     4010021100411004210043100441004510061100621006310064100651008110082100831008410085100511005210053100541005510071100721007310074100751009110092100931009410095101211012210125101261002310024100351003310034
eECN주식시간외호가   051002110131101321013510136
fECN주식당일거래원   201014110161101511017110142101621015210172101431016310153101731014410164101541017410145101651015510175
i시간외종목정보      0410297103051030610307
Q주식거래원          15 9001 9026  302  334   20  203  207  210  211  260  337   10   11   12   25
;
; 2. 선물
;
j선물옵션우선호가    03   10   27   28
K선물시세            32   20   10   11   12   27   28   15   13   14   16   17   18  195  182  184  183  186  181  185   25  197   26  246  247  248   30  196 1365 1366 1367  305  306
L선물호가잔량        60   21   27   28   41   61   81  101   51   71   91  111   42   62   82  102   52   72   92  112   43   63   83  103   53   73   93  113   44   64   84  104   54   74   94  114   45   65   85  105   55   75   95  115  121  122  123  125  126  127  137  128   13   23  238  200  201  291  293  294  295
k선물이론가          10  195  182  184  183  186  181  185  246  247  248
;
; 3. 옵션
;
O옵션시세            42   20   10   11   12   27   28   15   13   14   16   17   18  195  182  186  190  191  193  192  194  181   25   26  137  187  197  246  247  248  219  196  188  189   30  391  392  393 1365 1366 1367  305  306
P옵션호가잔량        60   21   27   28   41   61   81  101   51   71   91  111   42   62   82  102   52   72   92  112   43   63   83  103   53   73   93  113   44   64   84  104   54   74   94  114   45   65   85  105   55   75   95  115  121  122  123  125  126  127  137  128   13   23  238  200  201  291  293  294  295
l옵션이론가          15  195  182  186  190  191  193  192  194  181  246  247  248  187  188  189
;
o주식옵션시세        28   20   10   11   12   27   28   15   13   14   16   17   18  195  182  186  190  191  193  192  194  181   25   26 1365 1366 1367  305  306
p주식옵션호가잔량    45   21   27   28   41   42   43   44   45   61   62   63   64   65  101  102  103  104  105   51   52   53   54   55   71   72   73   74   75  111  112  113  114  115  121  123  125  127   23  238  200  201  291  293  294  295
q주식옵션이론가       9  195  182  186  190  191  193  192  194  181
r선물옵션우선호가     3   10   27   28
;
; 4. 업종
;
J업종지수            12   20   10   11   12   15   13   14   16   17   18   25   26
U업종등락            14   20  252  251  253  255  254   13   14   10   11   12  256  257   25
X자체업종지수        10   20   10   11   12   15   13   14   41   51   25
x예상업종지수        06   20  291  292  294  295  293
;
; 5. 티커
;
T시황/뉴스           11  225  221  222  223 9001  302  224   20   22  249  250
S환률                 8  570  571  572  573  575  576  577  578
s장시작시간          03  215   20  214
Z투자자ticker        01  216
;
; 6. 투자자별 매매
z투자자별매매        16   20  217  202  203  204  205  206  207  208  209  210  211  212  213  561  562
; 7. 프로그램 매매
t프로그램매매        64   20  202  204  206  208  210  212  211  213  500  501  502  503  504  505  506  507  508  509  510  511  512  513  514  515  516  517  518  519  520  521  522  523  524  525  526  527  528  529  530  531  532  533  534  535  536  537  538  539  540  541  542  543  544  545  546  547  548  549  550  551  197  183  195
; 8. 해외시세
R해외시세            10   20   10   11   12   13   16   17   18   25   22
; 9. 주문체결/잔고/실시간신호
;
0주문체결            31 9201 9203 9205 9001  912  913  302  900  901  902  903  904  905  906  907  908  909  910  911   10   27   28  914  915  938  939  919  920  921  922  923
1파생잔고            19 9201 9001  302   10  930  931  932  933  945  946  950  951   27   28  307 8019  397  305  306
4현물잔고            27 9201 9001  917  916  302   10  930  931  932  933  945  946  950  951   27   28  307 8019  957  958  918  990  991  992  993  959  924
5예수금              27 9205 9201  951  935  937  952  953  954  955  956 8043  971  972  973  974  975  976  977  978  979  980  981  982  983  984  985  957
6해외주문체결        28 9201 9203 9205 9001  912  913  302  900  901  902  903  904  905  906  907  908  909  910  911   10   27   28  914  915  938  939 8046 8043
7해외잔고            29 9201 9001  917  916  302   10  930  931  932  933  945  946  950  951   27   28  307 8019  957  958  918  990  991  992  993  959 8046 8043 8045
8순간체결량          10   20 9001  302   10   25   11   12   15   13   30
W코넥스경매매체결    08   20   10   11   12   15   13   14   25^M
V파생실시간상하한    04 1365 1366  305  306^M
w종목프로그램매매    16   20   10   25   11   12   13  202  204  206  208  210  212  213  214  215  216^M
M홍콩시세            17   10   11   12   27   28   13   14   16   17   18   25   26   29   30  311  412  413
N주식선물호가잔량    99   21   27   28   41   61   81  101   51   71   91  111   42   62   82  102   52   72   92  112   43   63   83  103   53   73   93  113   44   64   84  104   54   74   94  114   45   65   85  105   55   75   95  115   46   66   86  106   56   76   96  116   47   67   87  107   57   77   97  117   48   68   88  108   58   78   98  118   49   69   89  109   59   79   99  119   50   70   90  110   60   80  100  120  121  122  123  125  126  127  137  128   23  238  200  201  291  293  294  295
nX-Ray순간체결량     19  302 9001   20   10  260   23  700  346   15   13   12   11   25  701  702  703  704  705  706
9주문체결서버상태     5  961  962  963  966  967
v증거금              16 9201 8048 8049 8050 8051 8052 8053 8054 8055 8056 8057 8058 8059 8060 8061 8062
(VI발동및해제         6 1221 1223 1225 1236 1237 1224
)VI정적예상가         3 1229 1227 1228
;자유 format realtime data
~자유포멧            
2조건검색            05  841 9001  843   20  907
3일반신호            07  841 9001  302  907   20  840  842
;10. 로컬리얼
!주문체결            33 9201 9203 9205 9001  912  913  302  900  901  902  903  904  905  906  907  908  909  910  911   10   27   28  914  915  938  939  919  920  921  922  923 8000  985
_해외주문체결        30 9201 9203 9205 9001  912  913  302  900  901  902  903  904  905  906  907  908  909  910  911   10   27   28  914  915  938  939 8046 8043 8000  985
"리얼잔고            49 9201 9001  917  916  3021300013001  930  931  932 8002   10 8008  94513004130051300613007  950  946  951   27   28  933  307 8019  957  958  918  990  991  992  99313049130501303713054130811309013091  306  30513092  95913093  397  925  926  924
^해외리얼잔고        47 9201 9001  917  916  3021300013001  930  931 8002   10 8008  94513004130051300613007  950  946  951   27   28  933  307 8019  957  958  918  990  991  992  99313049130501303713054130811309013091  306  30513092  95913093 8046 8043 8045
#리얼잔고총합        24 920113002130031300813009  9501304713048130511305213053 8019  990  991  992  9931308213083130841308513086130871308813089
|해외잔고총합        24 920113002130031300813009  9501304713048130511305213053 8019  990  991  992  9931308213083130841308513086130871308813089
$스톱로스            17 9201 9001132001320113202132031320413205132301323113232132331322213223132201322113224
%선물옵션합계        21 92011301013011130121301313014130151301613017130181301913020130211302213023130241302513026130271302813029
&스톱주문            16 9201 9001  302132001320113202132031320413205132201322113222132121321313214  907
'예수금              18 9201130551305613069130671306813070  951 8006 8007  935  937  952  953  954  955  956 8043
@모니터링 실시간LOG  06 90012000020001200022000320010
-실시간증거금        16 9201 8048 8049 8050 8051 8052 8053 8054 8055 8056 8057 8058 8059 8060 8061 8062
Y매입인도체결        081201012011120121201512025120301230512306
y매입인도호가        21120231202412030120351220012201120211212112125120411206112051120711204212062120521207212043120631205312073
