;
;  < 실시간 데이터 정보파일 >
;
; 형식 = GIDC(2) + DESC(20) + NFID(3) + FID1(5) + ... + FIDn(5)'\r\n'
;
; 1. FX/미국주문/해외선물/CME/EUREX 시세
;
FAFX종목시세          41    21   275012550122501055010650107501135011450115   285012650123501095011050111501165011750118   105012750124   16   17   18501195012050121501025010450103   11   125013350134   25501385013250135   2250001
FCCME시세             36    20   10   11   12   27   28   15   13   14   16   17   18  195  182  184  183  186  181  185   25  197   26  246  247  248   30  196   225000650001  845  848  846  849  847  850
FcCME미결제약정       03   195  181  196
FDCME호가잔량         52    21   27   28   41   61   81  101   51   71   91  111   42   62   82  102   52   72   92  112   43   63   83  103   53   73   93  113   44   64   84  104   54   74   94  114   45   65   85  105   55   75   95  115  121  122  123  125  126  127  137  128   13
fUEUF시세             36    20   10   11   12   27   28   15   13   14   16   17   18  195  182  184  183  186  181  185   25  197   26  246  247  248   30  196   225000650001  845  848  846  849  847  850
fuEUF호가잔량         56    21   27   28   41   61   81  101   51   71   91  111   42   62   82  102   52   72   92  112   43   63   83  103   53   73   93  113   44   64   84  104   54   74   94  114   45   65   85  105   55   75   95  115  121  122  123  125  126  127  137  128   13   23  238  200  201
FUEUREX시세           25    20   10   11   12   27   28   15   13   16   17   18  187  188   25  197   26   30   2250001  845  848  846  849  847  850
FuEUREX호가           32    21   27   28   41   61   81   51   71   91   42   62   82   52   72   92   43   63   83   53   73   93  121  122  125  126  137  128   13   23  238  200  201
FE미국체결            15    10   11   12   27   28   13   14   15   16   17   18   25   30   20   22
FF미국호가            11    21   41   61   81   51   71   91  121  122  125  126
Fa싱가포르주식체결    15    10   11   12   27   28   13   14   15   16   17   18   25   30   20   22
Fe싱가포르주식호가    47    21   27   28   41   61   81  101   51   71   91  111   42   62   82  102   52   72   92  112   43   63   83  103   53   73   93  113   44   64   84  104   54   74   94  114   45   65   85  105   55   75   95  115  121  122  125  126
FG장운영정보          03   297   22   20
FK해외선물시세        23    20   10  140   11   12   27   28   15   13   16   17   18   25   26   30   2250001  845  848  846  849  847  850 
FL해외선물호가잔량    61    21   27   28   41   61   81  101   51   71   91  111   42   62   82  102   52   72   92  112   43   63   83  103   53   73   93  113   44   64   84  104   54   74   94  114   45   65   85  105   55   75   95  115  121  122  123  125  126  127  137  128  600  601  602  603  604  610  611  612  613  614
FP해외옵션시세        23    20   1050140   11   12   27   28   15   13   16   17   18   25   26   30   2250001  845  848  846  849  847  850
Fp해외옵션호가잔량    61    21   27   28   41   61   81  101   51   71   91  111   42   62   82  102   52   72   92  112   43   63   83  103   53   73   93  113   44   64   84  104   54   74   94  114   45   65   85  105   55   75   95  115  121  122  123  125  126  127  137  128  600  601  602  603  604  610  611  612  613  614
FJ미국업종지수        12    10   11   12   13   14   15   16   17   18   25   20   22
FR배치데이터갱신      02  438420003
Fr종목마스터갱신      02  438420003
Ff해외선물음수근접    02  438420003
Fs장시작시간          04   390  215   20  214
Fd투자자별매매        23    20  217  202  203  204  205  206  207  208  209  210  211  212  213  561  56250401504205040350421504045042250423
;
; 2. 주문체결/잔고/실시간신호
;
F0FX주문체결          35  9201 9203 9001  905  91350712  302  900  901  902  904  906  920  907  919  908  909  910  911  903  935  939  921  922  923  924  925  926  927  928  929  948  930  93313348
F1FX마진콜경고        04  9201 8054 8055 8053
F2FX증거금변경        06  9201 8054 8055 8056 8057 8058
F3FX외화입출금        09  9201 8059 8055 8063 8064 8043 8060 8061 8062
F4해외주식주문        22  9201 9203 9001  905 8046  907  904  900  901  906  913  908133205081050716 80435084155190 109150072  30250073
F5해외주식체결        48  9201 9203 9001  905 8046  907 9210  904  909  900  901  911  91013323133241332513326  913  902  90813320 8018 8019 8004 8005  934  93650842508435072650810  93050708  93150716 8043508415084455190 109113006 80755007150072  302500735072450725
F6해외선물주문        25  9201 9203 9001  907  905  904  302  906  900  901507015070250703  902  913  9195000550712 8043  9085071350714507155071650723
F7해외선물체결        42  9201 9203 9001  907  905 804650712  904  302  906  900  901507025070150703  909  911  910507045070550706  913  902  9355070750708 8018 8043 8009  93050709  90850710507115071350714507155071750718507195071650723
FI해외선물마진콜      05  9201 8054 8055 8053 8043
F8CME/EUREX주문       12  9201 9203 9001  907  905  904  906  900  901  902  913  908
F9CME/EUREX체결       26  9201 9203 9001  907  905  904  906  900  901  911  91013326  913  902133271332813006133351333613337 8009  93013334  908  964  965
FBCME배치             16 13338 9201 9001  302  907  930  9331300013001  931   101300413005130061333513336
FbEUREX배치           16 13338 9201 9001  302  907  930  9331300013001  931   101300413005130061333513336
FM미국입출고          11  9064 9201 9001  900  90113303130941309550005 8043  302
FN미국종목변경        10  9201 900113334  900  9011330350005 804350340  302
;
;3. 로컬리얼
;
F!FX미체결            16  9201 9203 9001  907  902  901  921  922  923  913  905  924  908  948  92513348
F"FX잔고              18  9201  909 9001  907  930  933  93113300  921  922  923133015013313000 801813302  93513303
F%FX포지션요약        12  9201 90011331013311   28133121331313314   27133151331613317
F'FX예수금            09  9201 8050  926  928 8051  933 8052 805313306
F#FX잔고총합          07  9201 90011330413305133061330713308
F~FX마진콜            04  9201 8054 8055 8053
F?FX잔고미체결총합    14  9201 9001133131334013341133431331413315133101334413345133471331113312
F_해외주식미체결      21  9201 9203 9001  302  907  913  901  90050810  902 8043  908 1091 804615001  906  90450073  92250064   10
F^해외주식실시간잔고  30  9201 9001  302  931  930  933   10 8008  945130041300513006 8075 80431309250718 1091 80461500115002150031500415005150061500713000130011505950064   12
F*해외주식잔고합      77  920113008130021300313009 8018 801915008150091501015011150121501315014150151501615017150181501915020150211502215023150241502515026150271502815029150301503115032150331503415035150361503715038150391504015041150421504315044150451504615047150481504915050150511505215053150541505515056150571505815059150601506115062150631506415065150661506715068150691507015071150721507315074150751507615077
F&해외선물미체결      19  9201 9203 9001  907  90250702  9005071550703  9135071350714  904  906  908 8043  905  30250704
F/해외선물잔고        19  9201 9001  907  930  933  931   1013000130101300115058 8009 8040 80431300650718  3021505915060
F|해외선물잔고합      09  9201133041330513306 8018 8009130091301113012
F(해외선물마진콜      05  9201 8054 8055 8053 8043
F+CME미체결           14  9201 9203 9001  907  902  901  900  913  904  906  908  302  905   10
F<CME실시간잔고       13  9201 9001  907  930  933  931   101300013001130041300513006  302
F:스톱주문            16  9201 9001  302132001320113202132031320413205132201322113222132121321313214  907
F$스톱로스            14  9201 9001132001320113202132031320413205132061320713208132091321013211
F>CME잔고합           06  92011300213003 80181300813009
F@모니터링 실시간LOG  06  90012000020001200022000320010
;
;자유 format realtime data
;
S2조건검색            05   841 9001  843   20  907  
1K홍콩체결            34    20   10   11   12   27   28   15   13   14   16   17   18  195  182  184  183  186  181  185   25  197   26  246  247  248   30  196  845  848  846  849  847  850  851
1M홍콩시세            17    10   11   12   27   28   13   14   16   17   18   25   26   29   30  311  412  413
1N홍콩호가잔량        99    21   27   28   41   61   81  101   51   71   91  111   42   62   82  102   52   72   92  112   43   63   83  103   53   73   93  113   44   64   84  104   54   74   94  114   45   65   85  105   55   75   95  115   46   66   86  106   56   76   96  116   47   67   87  107   57   77   97  117   48   68   88  108   58   78   98  118   49   69   89  109   59   79   99  119   50   70   90  110   60   80  100  120  121  122  123  125  126  127  137  128   23  238  200  201  291  293  294  295
1x홍콩단일가시세      06    20  291  292  294  295  293
1J홍콩업종지수        12    20   10   11   12   15   13   14   16   17   18   25   26
1V홍콩실시간상하한가  02   305  306
2K후강퉁체결          34    20   10   11   12   27   28   15   13   14   16   17   18  195  182  184  183  186  181  185   25  197   26  246  247  248   30  196  845  848  846  849  847  850  851
2M후강퉁시세          17    10   11   12   27   28   13   14   16   17   18   25   26   29   30  311  412  413
2N후강퉁호가잔량      99    21   27   28   41   61   81  101   51   71   91  111   42   62   82  102   52   72   92  112   43   63   83  103   53   73   93  113   44   64   84  104   54   74   94  114   45   65   85  105   55   75   95  115   46   66   86  106   56   76   96  116   47   67   87  107   57   77   97  117   48   68   88  108   58   78   98  118   49   69   89  109   59   79   99  119   50   70   90  110   60   80  100  120  121  122  123  125  126  127  137  128   23  238  200  201  291  293  294  295
2x후강퉁단일가시세    06    20  291  292  294  295  293
2J후강퉁업종지수      12    20   10   11   12   15   13   14   16   17   18   25   26
G1수동자동주문        33  1223 1225 1751 1337 1745 17032403124032 9001 1744 1753 1754 1727  907 1728 1729508095081050811 1730 1731 1704 172250805 172450806 172550807 1757 170650801 1759 1758
G2자동주문결과        46  1223 1225 1751 1337 1745 17032403124032 9001 1753 1754 1735 1727  907 172950809 1731 9203  910  910  911  903  908 1752 1755 1759 1757 170650801 176050813 1704 1705 1738 1741 1740 173950808 172250805 170650807 172550806 171050802
G3TS고저변경          15  1223 1225 1751 1337 1745 17032403124032 9001 172250805 172450806 172550807
G4잔고편입            50  1337 1745 17032403124032 9001 1700 1701 1702 1704 1705 170650801 1707 1708 1709 171050802 1711 1712 1713 171450803 1715 1716 1717 171850804 1719 1720 1721 172250805 1723 1724 172550806 1726 1727  907 1728 1729508095081050811 1730 1731 1732 1744  916
G5기준가변경          21  1223 1225 1751 1337 1745 17032403124032 9001 170650801 171050802 171450803 171850804 172250805 172550806
G6멀티차단            04  1337200182005520116
G7잔고청산삭제        10  1223 1225 1751 1337 1745 17032403124032 9001 1758
Ga바이앤셀주문결과    23  1225 1745 17032403124032 900150820 9203 1754 1735  907 1727 17315080950811  91150812  903  902  908 1752 1755 1766
Gb바이앤셀감시삭제    08  122520000 1745 17032403124032 9001 1766
Gc바이앤셀멀티차단    04  1337200182005520116
Gd바이앤셀감시생성    23  1225 1745 17032403124032 9001  907 1727 17315080950814508115081550715  3025081950820508215082250823508245082750828
;
;빅데이터 종목 조회 순위, 조회 급증
;미국
NR종목조회순위1분     12  1118 1119 9001  3025100051002510015100351004510055100651007
NS종목조회순위10분    12  1118 1119 9001  3025100051002510015100351004510055100651007
NT종목조회순위1시간   12  1118 1119 9001  3025100051002510015100351004510055100651007
NU종목조회순위당일    12  1118 1119 9001  3025100051002510015100351004510055100651007
NX종목조회순위급증    07  1118 1119 9001  302510035100451005
;중국
CR종목조회순위1분     12  1118 1119 9001  3025100051002510015100351004510055100651007
CS종목조회순위10분    12  1118 1119 9001  3025100051002510015100351004510055100651007
CT종목조회순위1시간   12  1118 1119 9001  3025100051002510015100351004510055100651007
CU종목조회순위당일    12  1118 1119 9001  3025100051002510015100351004510055100651007
CX종목조회순위급증    07  1118 1119 9001  302510035100451005
;홍콩
HR종목조회순위1분     12  1118 1119 9001  3025100051002510015100351004510055100651007
HS종목조회순위10분    12  1118 1119 9001  3025100051002510015100351004510055100651007
HT종목조회순위1시간   12  1118 1119 9001  3025100051002510015100351004510055100651007
HU종목조회순위당일    12  1118 1119 9001  3025100051002510015100351004510055100651007
HX종목조회순위급증    07  1118 1119 9001  302510035100451005
